3.4474988537442997,10.479422189631947,3.0162515925059123,0.6884923159089028
17.54650405185338,6.967947209579614,18.027712569317703,0.6550944389198748
15.738799489581883,10.171185648899774,18.84729615285486,0.6546817339436608
18.175420900613883,3.497606950713302,5.7400509062855605,0.6995926478677769
10.081119289406887,3.765845796796551,10.308831406807041,0.7237738423565571
18.391072915608564,10.347972014095998,10.4700926259714,0.7329307801481083
16.93607584243947,4.779167512755437,5.4612836239393685,0.7208595096076762
12.797969906641628,4.769905672881734,14.818356307116435,0.7432935789252663
17.060105635519534,4.480618357058757,13.800810190397206,0.7000614163504788
5.037772391715123,8.94713732865078,16.299293853534078,0.7430029497895665
18.27513927400086,8.442139383161996,9.877130770147867,0.7187697640809406
1.1305915599022758,4.236683860942402,14.300789788097575,0.6979864363877202
10.609092395792883,7.3652384413989225,2.9843093438545507,0.7323158497303124
8.047971815398082,16.738860780808768,4.4290322476473785,0.6952714605017177
2.0371525892163826,10.711151468287701,14.564080411379765,0.6978316018822824
2.9898105042148146,15.782102273733049,9.93576442707306,0.7459918458652717
14.287094880976621,16.274199912657046,7.1083083327003,0.7141023376883074
18.24786790891345,8.962883745040449,4.552811660818228,0.746134830957795
10.742497568141983,17.31310090075579,18.36368977661274,0.7484344507966996
19.105214878905187,15.497845072576363,17.57178071207797,0.6851054798390683
14.276528320997933,18.59029445027108,5.42150533430226,0.7117055185075576
17.953542612391747,2.251860096466123,3.0089940930849313,0.7236391676390093
8.702592207239695,2.0377244430180648,5.740014081769587,0.6944295207903203
8.83357816317897,7.574401330533066,16.88054612698864,0.731711714665849
18.13269409328223,4.033408053980999,2.68643626979598,0.7293561272257272
8.236705440270597,18.73883092659885,15.638399739132588,0.7183027594895635
3.081122907684872,13.066155059891527,12.007841679096645,0.6616532910243154
14.45764766323907,0.7503947792629247,13.096639324778916,0.703738661272174
19.134076031487197,6.046053244802317,5.238190327186318,0.7491164725650469
10.469447058672865,4.509843807444973,15.023442764614263,0.6936646087874422
5.514450111077058,1.9298402468258549,17.38010016271898,0.6716276732156097
9.751485269897453,10.172328421054099,5.551597688333702,0.7183734190759856
15.481880431382688,6.800797860602818,3.895840474571628,0.723290302230734
3.6940862172387336,14.586857541102777,13.860962113367759,0.7159781476059884
2.5106304921672846,6.910923163264907,2.06452528411757,0.6766679221006786
12.545497037567541,14.359778787811825,18.885870669851904,0.7256614597276694
9.932089586820771,15.9124266525296,11.256074175679261,0.7322211731911396
15.54739142197308,15.445764530836378,0.7753886168537494,0.6822754305449804
0.9181731582371607,16.484495130884607,4.810898506680497,0.6979433152247074
15.808310706468205,14.169040847015482,6.7568747110830065,0.7190798857969469
16.08872802308993,1.5332332517513563,7.696756968623724,0.7018372428183173
7.139504035766438,8.244623584946448,2.683785229448484,0.6689005964811033
3.508572051235466,10.771889007490786,13.41042585410171,0.6854718430650742
5.88709396894141,16.459940620788796,2.2065766939577713,0.7221988282030133
3.551157648308486,14.739558693220237,4.384890430767215,0.6954542893606246
6.184297715911143,9.600201021860537,18.568139761948512,0.6814709799497851
17.034643531214353,15.014129224722476,18.803674420108585,0.7175220456775114
8.355305952584258,10.385771093098754,1.5228029362913071,0.7385691413679466
18.1496107755585,8.191594449067045,17.53885049491861,0.6937382373493916
11.472011471839776,13.769736981704463,4.1001095883002865,0.6744408426491747
2.4921166207793273,3.184839185201466,9.554841362857413,0.6925061577693331
9.705191337375732,14.493012979930626,0.7294296318374884,0.6630078598792372
5.580570594478302,2.4686034724288692,14.953431457705367,0.7041302874039211
15.257768346126195,18.04474882081042,9.675057927018694,0.7409958881928855
12.041826010928233,12.192205595037787,6.684950531667301,0.7449020070130926
13.721392887950564,2.079195240108138,10.592688157465375,0.7367375369126599
3.020226601918908,2.6407628191951558,14.435766461359977,0.7399594197052637
17.366424053707785,1.6391478121901062,19.054285037165116,0.7155284329955379
5.697427149765342,9.323776098876294,5.987121806025188,0.6690559024052464
12.369996515102812,16.993765711277423,3.7230931202978526,0.6833686609958184
15.7570976778813,3.755569382886613,15.860131498420017,0.6610943143530438
6.445708279547499,6.397563270620861,10.289363636169629,0.7478294128206441
3.471470187343023,15.286697147017211,17.964747227555005,0.6863007420076481
8.24532985156265,0.7580292152513127,15.29597462886841,0.7375197081220891
2.138461274776759,14.559237161699794,1.6681325709474017,0.7248940998519823
2.1849568931682963,1.3597441144337616,15.15601022410689,0.6705070041465532
1.9869645048212048,10.238041309984432,17.941532293362556,0.7438791669750098
3.1113052262605967,10.736515254191877,5.45192106934276,0.677407066105929
3.634265048714558,8.966874007270654,5.459987954223323,0.6652828890263262
5.0550825782126365,15.681628245593108,12.480462573576446,0.6933303627114504
7.693072331413586,12.43232027850334,7.3514435301932295,0.7324273516756877
16.446595481680088,12.937836454420982,1.7281017998209136,0.7094491588075413
17.371748841656466,14.756667773979375,16.20148089541317,0.707457584310156
8.380936479612192,14.52681238311565,2.3354473652085934,0.7280095936405422
9.55677945203745,13.775074539306328,14.574501637412379,0.7396319740573201
15.014514754997679,5.473665708720532,17.278981036866007,0.735200585227757
1.489162567872608,16.773135283717334,13.433756277281885,0.6620360834280127
5.371390366598537,8.386174632806982,12.882865817837349,0.6500359929227377
6.068978075287607,3.271307731546864,3.232165701105278,0.6745815212206006
10.980192729941463,5.793911444684536,17.51424346282568,0.6988794785930563
15.537865905065884,3.430047026093943,12.627994465631438,0.7329047294844047
16.969447872178495,13.498283913886848,14.272067119596297,0.6536905218399225
10.703685455240254,1.7214027060402972,6.5314970396329555,0.7055415670157147
7.143618049062421,7.266708292631548,5.872952505396599,0.7380240670011659
8.94653266014776,12.400771828144304,15.636015255446278,0.6608622904010265
2.9451439033759073,4.013863162311755,1.8931100023651248,0.7413567968381065
12.599156221390915,15.774762442640121,10.476358365006753,0.7274278212101619
3.3053523831364107,12.666400484871714,4.043334864852829,0.7498452452758411
3.7889742759120186,12.633736171840875,1.757064148117303,0.6933204742308327
6.818610255462334,17.50131765383456,1.4941090832042874,0.7449207176182009
14.917486706582977,7.483321445426503,5.228550272196598,0.6885967043828649
1.8582953782750913,8.392662636191709,2.2435335903092493,0.6842863595070904
6.535257754222988,5.397677321624013,12.669874443468833,0.7165336031769436
17.869124020744877,6.336624622132309,12.015275605829771,0.7080391784743245
19.249314171921913,16.21513037151617,4.549958339315688,0.7075801293241234
19.195560158318795,19.184411591774932,17.321448808796713,0.7442774726619262
5.78839284263704,5.624749260424642,4.944744167397871,0.7215923051463742
17.426707841433295,2.1305943397364917,9.009276206607131,0.6993070428141812
7.7213828096842825,3.7785838481455793,6.221477922949262,0.7045828028887334
1.0571141789230676,13.176038964460986,17.13962371306127,0.698773083755059
6.8720860567667215,4.421985963508307,8.054331898354596,0.659241935985598
18.917179648537115,12.206818470941979,9.709984696917676,0.6767936217100337
9.77974095405104,19.16044182305569,9.8127456029428,0.7338481641060243
1.5416500024383073,12.566707764028532,7.189675087385963,0.6916650258656114
18.28835274043877,16.635833113990667,18.999777054249357,0.7289529258355233
15.868657682509648,3.711429616260386,5.858247145774396,0.7373958358944211
18.565907567496293,13.84012320554653,12.342993594710807,0.669772772996244
12.00080714411219,7.535532093966896,18.293440691144806,0.7361869901878962
4.178835619957186,8.380402661578911,17.46766377382127,0.6735873351895912
3.323670611228909,5.553396414659528,13.504524137014627,0.7320211093810262
14.090776851868185,18.891177892114857,16.45290389713853,0.7433785771163426
16.353798112609997,11.36553482663848,1.650742018236783,0.7024705005982802
12.746369612612586,1.3694922682027857,19.312754039857804,0.6727626298785445
1.7406990459525762,9.424295818859799,10.641064974535617,0.6806749164363701
10.171266836565467,13.424431231212171,12.001495238268042,0.6642647846426077
10.185202258867978,7.1991743410081925,15.282602648615669,0.7430145420768773
14.654137435091748,3.9670909065331212,14.535046020488656,0.7445455172447606
3.920664540773068,1.0248272713098325,8.45530354775894,0.7391129877488577
13.398790045433536,6.988342671357307,2.032983751451976,0.7175255273881007
11.530350723041419,9.460664909502102,15.509586034276657,0.6663103039670966
10.513855178377154,12.707130009692758,15.562873816106292,0.7150222051527741
11.140383463214647,2.7908573849037017,12.124347967601897,0.6636831749496939
4.316894012562264,1.2890179077860555,3.1540276656132225,0.7086510722477818
8.368057035464853,2.917443164619786,19.01084531713744,0.6982885916374706
10.086870984649261,1.0483465271812158,11.040141635965899,0.7179853964948145
19.253577295617138,10.736990816370152,1.5814042980259098,0.741431547073747
0.8873969431741431,13.042277277397154,12.28221730087152,0.6764049419808585
1.7249828530889733,1.7673223486703655,2.753183442773453,0.733479275432226
17.254555020684247,15.253282181822941,10.238858700119067,0.7129274665907321
18.30089796247808,14.288324926972985,8.365492735563842,0.6802730039741315
5.375570650145066,5.680310673420089,13.644772235537562,0.7131239052277918
13.728364725409005,17.481264915076682,12.738108016050411,0.7274514854428202
3.7233496078915636,5.571857896873484,16.362599542129946,0.6823474783364373
10.289032848117202,3.418565626270766,19.30350302610366,0.6698186355594266
14.902260123344556,2.3886087646421545,3.782522923590222,0.7106526610851706
4.2465872967603735,7.731560788685221,10.982234854207071,0.6988876384477484
6.702446438114802,8.019013019725124,19.121802426186626,0.6514066909324858
14.469765123994847,13.318349932517492,4.11267659694693,0.6598248472025798
12.512679911614086,7.360840746864087,8.742286320171928,0.703508633393894
8.31805732076171,15.334526764361359,17.16020897801688,0.6874422415074803
18.923778981709056,9.415453405975775,12.02713489530556,0.6810191743515047
1.3379404215506145,8.79682251504156,16.224609421327894,0.6637533001889
3.3622555165002352,5.471697732599842,11.730381067849805,0.688416597606817
11.134162588831328,10.338532912188333,19.006329445233494,0.7423399058723805
18.204627307694764,16.8678884887171,1.7919932818534225,0.739182601157113
4.067471825885457,14.41239924136338,16.16097396222101,0.7230720082010819
16.818178335410668,4.579720627394961,0.8406957632465533,0.7483609799261054
16.54326685968916,18.541752539660642,9.1069115440088,0.7152979570813418
12.832634804530558,14.455700062714985,15.193152677506799,0.7065408166319196
3.533173354802244,4.231989132156648,12.818871801475588,0.7131264781205081
12.65142569152524,3.187214740863932,10.319532221222541,0.7447553072489558
10.227150850808043,15.524861665299778,9.81993089521877,0.6787885097700096
7.477074613027824,9.305771542957,16.725030319736085,0.7383435518846317
17.584619445869816,9.702868724518696,16.852439285566525,0.7092381586172929
8.921087560260816,18.632473180039156,3.9929957666694254,0.7286863634194463
8.063904577880207,4.891159847949787,10.896890747494053,0.7347104666090712
17.004290522053097,17.890400084857497,4.405480701584203,0.6781756606795515
15.134328583524635,3.5242668387399765,10.007733505738464,0.668563475656275
4.428848772421024,7.638584984307897,1.7612607742561308,0.7406245719259007
15.828714527648017,17.935285482537164,7.362312895367703,0.6831054295251451
1.120083006593862,13.810262327916718,9.494245953154929,0.6572934894201804
11.771005434217292,17.259147988030175,6.591836983558434,0.683250795705352
8.112798960794422,15.228319740425905,13.303129871347473,0.7181711589959922
1.9183467231820743,15.359813910344009,18.65263261423194,0.668958931040772
0.7536071043096384,1.3697501246787607,14.991745241804129,0.7214042265431283
15.544059147035796,7.30204549321255,17.926014294308157,0.7004768028226339
1.4533324226762003,7.804949615784368,5.378121768682143,0.6629854769414607
9.619635101205048,4.662805907832788,17.978812941494105,0.7194616497000967
12.439825546884977,3.286147010006669,5.107065124290757,0.7142258411332624
15.310309542773274,1.7277239825896298,1.9625711528754999,0.66977462359539
14.472857817368531,15.737388635584193,17.55768245754754,0.7392939532401624
2.371524345998052,7.273438148802581,15.57505201653512,0.7073854920449776
12.701061282231176,8.831391750078547,6.3202493325260445,0.6556462679716311
9.86822023704058,2.0500853523832623,0.6952535383345977,0.6602662404165326
4.116776455773512,18.615407870784512,2.4426805988035154,0.7010614534617174
11.764177302779089,5.277317348314186,18.7001564885251,0.6918934212362364
6.562177699913098,2.667618711541845,12.559511383180384,0.7480352393098014
12.170189118298232,8.43547724798125,10.772679093328374,0.6752579948575862
0.796426997632496,4.318269962228591,7.544781683579996,0.733537614103789
15.8265197756102,8.653481769420354,12.383570631708789,0.6887997772679452
14.741229161885254,13.155157849395888,1.0261704578185293,0.7297037672441239
7.103925570695749,10.616312927071439,3.9787214418571226,0.7447731688486514
14.889986549985334,16.05798117034585,4.718494944020963,0.6527563878389049
1.251956349178743,6.185586305711221,2.2266800878542488,0.665554110247088
18.62036921438132,13.602537170568338,5.986909245704404,0.6866648259768983
7.25619732130763,16.597109682722035,6.25376576366322,0.6578409598582555
17.813629694385227,7.2724436937848145,2.9439209054533073,0.7105619640899963
2.9045978300360265,12.976398848084713,17.19911421155159,0.7084581963963483
14.737098760350804,9.69960488608846,4.942809843793382,0.6791129666449894
19.226750334086965,14.029560233561572,18.362095745686116,0.7235065947731594
12.465709830418847,8.480217051057766,13.245758129862743,0.7183153138722514
12.762473189531805,11.127847945925632,8.056561631041328,0.7214856529210366
5.30874082639913,5.8430887116020545,8.589552559558898,0.6912075580749503
3.206336741377634,4.097862184139972,8.469030115761168,0.7337167848727667
18.513656445348378,16.981813531854776,12.053924169961387,0.7071754514809638
17.417554835273627,6.952038578355748,16.243927882671944,0.6562676830589865
19.074289539045047,1.8930540104286107,8.925000681842572,0.7194216955295996
2.1175785149938386,1.3884258186861276,9.41850485855221,0.7346854721336131
12.068142493695474,7.491348852969905,0.7401368780983767,0.660701957172929
15.27049928663061,7.250876339696405,15.294828608728833,0.7249657444464003
6.697787905819661,5.0423766318858005,1.8990548717004376,0.7276515640748411
10.83171700470368,14.92574100971905,3.525237879822575,0.6799216934137674
16.141432612643207,14.842034802146687,11.56918607691048,0.7122973225516043
11.430831274842685,0.7209101240982463,18.422254977830324,0.6584802036283117
8.325035921962089,6.493988952868671,9.83428977303602,0.656168437438756
9.370747742874824,11.956168236854998,1.634176911118907,0.7342515344265622
15.664648486050863,8.170967905289958,10.102332014108205,0.700222313162629
3.8011303842392525,19.27546242558284,15.20490083670434,0.6545221020706445
9.351301444482944,7.390739260343418,10.943868959110267,0.7294953754682063
15.278413837626136,14.686143440060192,13.88498370334627,0.6995063978745484
2.074849600831723,13.12825539220388,2.7457684524766712,0.6587619201779022
13.091972485362115,14.45058590898402,8.264753709437864,0.6724128907806228
10.736838287042517,17.00116631539663,14.063002314366477,0.7207704207685773
12.070095359339547,17.023364121356526,13.278817831157227,0.7330742910650435
4.20847131665829,13.962958401316095,12.288767791723894,0.7415417524067679
14.143347772125946,5.901111872982024,13.899540312752602,0.6574557025062264
13.486547456267067,10.91177405864063,10.403304275167985,0.730262368030401
18.85415549047135,3.7143885811449633,18.683607148253905,0.6522228594351728
18.773319666481378,3.1788102063062547,12.831600687600279,0.701246721547141
1.636896788510064,3.761212040718436,13.053779556109395,0.6748447133032205
6.733765078364423,2.8270039305622126,5.493837424195046,0.7301337776488783
7.281885157487378,3.242276845927744,0.8464245405915201,0.6786406374343558
10.521898584549533,19.291088582979224,12.76906700623692,0.6818316774167262
5.5928711122916255,13.294288493690601,17.505058001832,0.6702880157202274
9.005462734941569,3.6995267463289663,16.937804325317625,0.7369116866929558
1.0331638029459596,17.7863505984907,12.01258631962423,0.6599615189927295
14.112604552191975,11.445572310573334,16.724049067160358,0.7111036526986452
1.7725588203623108,6.773842938614134,17.812108969924335,0.6985177832409186
11.232798912414307,18.69499474991033,5.816754797257334,0.6803664581465407
13.521255382838088,5.407525547289636,10.484893080854752,0.6905387627052134
2.7580876211553145,11.062119796234363,1.0167589438341906,0.7135910041799137
12.871597718306969,5.421176086442637,16.46895100268952,0.6580081379604895
10.849909840739434,8.380397298939886,12.228474191613225,0.7023896967814272
4.405151842099839,18.339218327575214,19.093831773166247,0.7060609649787501
10.56326254210873,13.325500118028618,7.034493262869405,0.6591849157426604
0.8142632391494092,6.0171227460326,11.182907627397249,0.7042434725399017
3.6498438357303398,12.097732700747114,18.004207348797443,0.6637232126680637
13.25898865111665,15.503077983561369,1.140758331267095,0.7327249627550572
0.7787433005401945,14.251435661628262,0.7659495332314007,0.6855669218309093
3.992247822769318,3.7053200949115075,7.247959472197165,0.7403415242526967
14.032046429060168,13.859643203232563,5.418071150723763,0.6518974089349197
6.483025283988343,0.9314139960841833,16.646476576194846,0.6557565439889352
10.654175830262677,9.035849475172991,8.250868127222558,0.7430458666600404
15.073452698337757,0.8893513026836412,0.7898065466554621,0.7443618078390631
12.374040840340008,17.328146016418014,9.387734694136533,0.7060322296958631
5.10039023719028,8.003238990545418,9.886923736626013,0.6844366582387187
4.743344543942009,10.709156011951787,15.350670347277667,0.7092569606309687
5.791909232382984,10.057164092412059,3.494495237229415,0.7175658639784791
18.38414706420588,11.611451405245134,3.246012614203295,0.6704652647426806
5.751314462408297,12.037891084732035,1.8613538254334498,0.6878271947890992
12.058210182856078,13.478249870976056,13.921782721720529,0.6734318473674475
15.27911935728382,0.8545431502216252,4.568022473872471,0.7210539744654358
6.934434050251417,9.261240787067628,13.200601113014974,0.681819612594643
2.133215494766157,10.671024637163976,12.371717554797845,0.6744317020727508
15.452887278899496,16.660841641854223,12.633250205686718,0.7470321580677645
4.509690671376606,14.762844146741227,9.727335453080858,0.6600306918441753
5.525515653665696,9.269312168350647,14.932117759586623,0.7155104161826983
1.5955923110695056,17.343424038373364,17.328659964738193,0.6903515714545534
14.541948084725975,5.7087827847269645,4.8598371147971084,0.7457366753320225
0.9082435593136795,7.79415898356246,13.339336716689608,0.654905372785583
10.668496401887344,19.26831196850113,8.430805836531377,0.7316730095129871
3.3532234410754134,10.664558962348597,9.772637443957946,0.6536365185820385
16.46642836633529,11.619707274161032,16.074715308569516,0.7399770228816664
2.7013994085327884,17.688182817488947,15.258233824681215,0.679509050556076
4.664022503830583,17.623671851794466,15.397181218397693,0.7212930633523897
10.523222995888498,11.98788012458751,2.508816659527316,0.6518078029046169
2.859795609716799,16.81543121934708,8.951847299076917,0.6712007096873608
3.1543306842418617,2.3392572590881633,8.0528347097616,0.747722617689801
11.865383248685738,12.355683575471065,17.23408371893407,0.7058892880712166
17.147999462609338,11.257656263400008,17.911959827322992,0.6605510237428134
10.87485155227383,10.58205298627691,13.67442773694957,0.7382290464264167
14.558207388666705,2.403389319422949,8.04673165243743,0.7163772996001792
5.294634395585665,1.8323542255674024,10.988838181111234,0.7299002241055803
10.249523491816667,17.576317895502765,7.424784902068404,0.7066413326282462
3.0113839929422768,13.915806819582945,7.474407775097674,0.7137304656360857
2.218308422055472,14.723515771388332,13.191259219604815,0.714172379132402
4.458166096516317,16.229553863404103,9.870142020763298,0.7130618979377863
5.5054213601911846,1.2545730854165291,18.65299595112534,0.6604839204577548
13.792372988789806,17.390372639655126,15.635887628202278,0.7238362375401525
0.8588234181330172,15.393634354376248,17.250596566945354,0.6559635807428338
15.354338458500695,11.870752357926232,5.369113951069599,0.7288038524308691
2.5714315217475017,18.78752513836155,0.754578999765839,0.6542244404685656
14.323497456262803,6.059623384171589,7.65644607269701,0.7389306382243941
6.382298854502757,4.980623156827483,17.995663352385595,0.7123474719542732
5.043871527354933,7.707957424384934,5.553881436352482,0.6766957477416362
0.9364926256103231,0.9514149670638918,1.296173412528725,0.6676790015629395
16.699603881449324,1.242594774179474,11.16686371287075,0.654157547009773
10.068805071011777,17.105912413791334,10.257766132608927,0.6927034720852909
5.86653020411213,19.1840887722482,13.349561538555633,0.6839379290361011
4.416840000199554,17.759294645397922,7.625601478634829,0.6537794726579477
1.3821443574141035,9.288777089587484,3.9653433718579034,0.6913543353939502
9.356760867924551,8.707934771594335,15.28243120524309,0.6522084601956428
16.26219766340202,11.649547743781916,14.343149888474285,0.7379776386082477
6.0682660386610205,18.34490375035521,9.373898600808516,0.7447543681893508
9.837577630842011,10.312276288669842,12.359818776659797,0.7398166199794873
13.500364715491308,16.699848410631247,18.380112526322442,0.692511564175391
12.380720856964185,6.664471881603988,3.9900582847852757,0.7417379729860096
5.881012408976944,1.6686521440418387,5.608474222103434,0.6927155545471303
8.117706156418315,11.873831338778484,12.446334311305002,0.6568431547804474
18.502396422220883,11.698352049482725,10.99867840701821,0.6540926032374137
3.7148373496959053,2.574938775164717,17.965936136493276,0.6816096377949767
18.380971549732752,11.152380741944135,5.256435389267909,0.6713585596828875
11.655608083688474,14.9496239003653,5.348893189850801,0.6542860091326057
16.203268143579695,3.425259604060949,19.238975651533156,0.7422979875824938
11.004379765957522,4.876906643575471,13.501189717046032,0.6789571593483814
3.493819747764504,17.790484609261938,6.2958802959112035,0.7166724106515756
16.515931410529088,4.880814921344506,7.861274214745029,0.6986674229647889
4.640488157685742,11.151769901516184,7.29305703089357,0.6608204804150276
15.806002382368636,6.349058022636526,8.767709096990133,0.7124489031969041
7.535754232082459,4.579805420064873,14.811450871914161,0.735745449672309
17.975378451004858,2.2162927013173626,4.679339897422688,0.650955980460366
13.43340647875012,16.706465049956464,5.021924348247743,0.7263726780061022
11.096818764574992,5.356024897017771,4.753834853207282,0.6622670899678037
18.957162192054728,3.0502028450239784,11.340925959802492,0.7188519470200572
14.631726004315047,12.61649733136743,14.549260921003704,0.6721536112685854
4.864967186377967,13.587104596949416,5.797588188357347,0.6766023282208192
19.14327122249878,1.3338577138714771,13.121537521905477,0.7080125563351629
15.882449648234262,4.208657054292194,3.120307515234919,0.6742476306663693
10.296485555970683,19.06927775056358,17.987637676828925,0.6655409079196069
2.1585732215667757,2.5308916239083175,19.064781237296202,0.6577397901431195
4.085887864830018,8.166492159243088,3.138046647164005,0.6719641459343656
1.4012547606950727,10.004498024586823,7.987568488261923,0.7020149647570308
17.83522204888153,5.570238354938085,4.252553532958225,0.6830729327084708
4.785936427847637,16.177250392672583,5.578129616493428,0.6794968187685253
6.368791622023642,8.906381754688725,11.491041446917167,0.6934086038448691
16.85254712035899,19.17723371706988,6.640203903180883,0.688780299649488
16.53040267710079,9.387274108397962,11.14938614898552,0.677370419876848
4.924449832353014,5.077808289251871,18.070920744786672,0.7022711693508922
3.215335065933994,12.34395296353646,7.606040678052945,0.6627442844158431
8.594341471500584,18.94338727718057,18.779806134204414,0.7045672972098147
5.605679619216386,2.823284831901795,1.6354694216793988,0.7132943085513256
9.430652638684375,0.7812055815689616,8.763140170118495,0.747533090711239
18.586397393391362,18.576268738822897,11.153191085616989,0.6781895125703854
11.275109513052406,4.793731274469213,7.399962774435922,0.7008538253359186
13.816886901923983,7.729408736936509,12.523234535567383,0.7203598412534282
15.33183848600002,12.54405292154934,2.7594785761059364,0.7113565953483835
14.525132219187908,18.979658299943548,3.7198378747872813,0.7363712053135233
16.414993764028488,1.9069468399926923,5.117562654373843,0.7154496518252752
15.564723497472649,13.573142347531215,17.381342272412123,0.7352060568959612
1.367774033364665,8.162041697803131,10.068443000720533,0.6750843467569383
8.794429703809515,16.94654526104504,6.218910202445837,0.7440640340908696
9.052824167121006,3.1904512862243792,1.586617299786894,0.6529563269002169
6.371510218202971,13.140414164272164,2.7355656420998615,0.7139174775723522
16.54699311690659,5.572235125684807,2.3761035159615735,0.6559757858392521
13.379420284351555,12.99561058527091,9.14448605227139,0.6678006251818338
3.445344142766922,8.403915317320301,8.936203403960203,0.7014152087669038
18.893886005913185,1.7169181735017256,16.37726107241034,0.6958205297379967
1.9780246223994302,16.068780476596103,6.176685458627535,0.6966019916219744
5.417271429373155,8.289245872300283,3.4068966626802997,0.6792762681392743
9.292286968074585,16.45694471266357,14.393808615566012,0.7100417526268545
13.476159710062126,1.4650590714943303,11.95979854313603,0.7050103757068504
13.725236786139211,2.9410771668782787,5.57768035579019,0.6945487973635952
3.2543146847779534,3.030950753056133,16.406919097720394,0.7277187561054148
0.8025715955252797,12.883439427368028,3.772995228746804,0.6981732908070021
16.368668689861746,8.994882059014481,6.063960163099481,0.7279662779269944
13.038818665734315,9.573472027332048,2.0229929728190656,0.7397364973299073
6.43266510017871,14.707662568228063,7.095952717295847,0.7340706284053907
2.8433350276956064,15.604701050652837,14.80690648357501,0.665398133050599
7.2284824968688905,10.932711048832777,14.25784382232307,0.677523205968066
8.901118308487076,18.496678513812846,13.88345278267589,0.7493655222612275
13.247618881470087,1.9658842391148592,14.62247361171294,0.7219095259643518
3.7957633404382585,3.31219038903311,10.703275689547624,0.7084969450915174
1.3515366631926649,11.634813073355547,1.6696496335122106,0.6683157995327831
14.672905189193656,2.510177391987275,15.067666237901182,0.681058634248739
11.665740631400253,13.773293130630725,9.564475019343767,0.6943003077628028
7.946155227926458,16.72477776834275,10.362683509454076,0.7248028096399894
7.252309565348509,17.84295214946182,11.549574337265017,0.702005321977025
2.914071873053464,18.425978026088604,13.612604408849542,0.6827893341646682
7.6906666548912,1.0436218632557377,13.438949212193164,0.748490434937846
10.561932276312094,6.964211459846445,11.963142731392669,0.7150714388224234
18.760790905322164,10.553469525862468,19.219299554209794,0.6593324382819814
12.779406558270264,11.338884603243887,3.547657665880207,0.6559801929684006
15.177022696177241,12.344018061774493,7.2745163017480445,0.7146062809869386
2.4335408163673424,7.237699900128224,9.951142749253108,0.6586020237334007
15.333560306478866,8.93255474148955,1.5784456857958977,0.6892622965861576
6.1570143264415265,12.386631896155789,12.963409015761751,0.7255521677454879
11.806475539878118,10.142277500185473,9.627960958992102,0.7418943601931702
11.747769831594658,16.766224767556913,2.4410860023060907,0.6983891052108157
11.453467801294781,2.2444924782581173,2.8296841697265753,0.7315806805934331
18.045660090932962,9.0865905079335,1.6704726055390036,0.7045966219419243
1.2935681926454836,19.024352332089084,14.528196188364037,0.7140371423822186
2.830357854110793,7.100887311601005,13.186438560634436,0.6617784689864918
13.19660927376638,8.398725417849263,2.9710807018820113,0.6648143510752403
18.62308363429324,15.156348678366804,14.863547142476788,0.7289763049393976
0.9643366661155693,18.30270683499348,8.68753165097265,0.7365998058835367
7.425778383082085,9.991032429821006,7.003187940180536,0.6894744483169657
16.937776808661884,3.085451117134408,14.602291659202717,0.7184400150273695
15.037557165341294,1.4593687651180032,11.592916429571195,0.672212534796315
10.205097504868693,8.632743128097106,6.44586295866516,0.7174389631246801
13.310977148496912,15.796213844455638,12.088924123948429,0.7302507929124719
12.065564252874621,15.666004361754991,8.287358377916602,0.689878890521427
10.47987799527854,3.6037787404377277,5.906006168547669,0.7026154844754741
9.996517891786723,16.726375158324622,15.824223843216787,0.7390880289685079
10.33737271954838,15.528898359100646,6.163405396402907,0.7443261560599235
9.50301220805412,11.955616814724525,3.7209453088975986,0.6616990701451277
13.891103377935925,4.389638796200446,19.169608538059773,0.7456478367475767
9.378083847752062,2.629940979938845,9.694494041812405,0.7429146460916408
17.965641424877784,7.106298958070152,5.620405965443825,0.7104240947489393
16.455179807229865,4.033026354348227,17.728077003887787,0.6715972767548566
13.943413669765437,3.49483104364361,16.04400358812164,0.7401710475695344
2.416556997697098,5.375469134136735,6.883679652324879,0.6824142849122661
13.305402809153133,9.382484188157719,18.496117677709545,0.7461374202670725
6.070272158519808,10.76282916803979,9.843734053323821,0.6759675459760304
2.877342458210597,19.195645439505608,5.977614674093266,0.7370666440642434
8.664574081951034,13.564259602611585,17.186753663517926,0.7157551732739097
9.997046869477144,1.0557744962694335,14.712246454839647,0.7335648711761479
5.616904637581235,3.577498823130449,6.374790232929377,0.7189152251229632
7.533426365115192,14.887098202007621,14.753717154081983,0.6881423993693153
12.005842939197578,10.349817525484392,4.584334709773723,0.7361797801277924
7.703758312962262,5.686806345958417,13.717614998414247,0.7379434081143514
18.055362686266427,19.05768316761934,16.173681495882047,0.7044678220100816
18.641738083248388,10.09332375994091,2.97866232328681,0.7038607105219271
16.616911350827706,19.258733961004097,18.211563329523592,0.7015346382145236
16.531451416370214,10.708118512804568,10.58499602669811,0.7231013528468742
5.235359104244132,11.061384699514562,18.325556624079546,0.6522827479702771
9.306049956023038,8.030784813987246,2.2154890984598605,0.6667579256997773
13.728310482485321,9.186078946637434,9.208643167935694,0.7479926349443161
12.63744916384082,11.022586683999279,16.564664540048508,0.7155343742058983
8.99790479337222,10.804167163986365,3.0240550014128793,0.7498444456759245
4.7632386009301575,3.4998759832908246,4.421040436341773,0.7123439067522045
8.950509397735937,9.943088856864174,7.4477673780860485,0.707270906164107
7.337342982844148,7.9014762092051205,7.970181082264896,0.6773726525120113
17.120494417623846,14.8464903089655,5.951258630225355,0.6564344397609911
4.719794987989484,10.340656736489109,12.043634449074212,0.726042395853341
14.47997257548704,15.174299914781429,2.6313908543973574,0.6945353323516984
6.759241922422348,13.686412680723144,8.36376745605699,0.6753773818505495
2.904953696365687,14.84479379724776,8.56765021370166,0.6612388848403309
15.271868068320874,17.263644727416988,19.092117763430526,0.739081544478176
5.282211623350518,0.984757143893779,7.017491743253873,0.6861156445970112
18.1109481951138,13.48701415795451,11.012513356363344,0.7424560995406819
11.671396584968177,5.96275347931934,10.108043035005048,0.6784574753788081
1.4479245184409215,8.429840327558688,17.922822386099227,0.686468947518175
12.017241100464005,1.7712884220083163,9.144995760073963,0.7042170893247219
6.41088758703949,18.77930727988283,0.8328624424513784,0.7355682596880116
12.45260630218017,4.53732584116984,8.247447676006239,0.690253730996675
4.048528969414503,11.22772327345966,11.07971143846091,0.6658287672614357
16.63304573531756,5.600292903854613,15.308927803370526,0.680268388943816
11.681623646492355,15.05180268349908,17.946562430361592,0.6595351462847875
0.8969135134952775,14.31830449244073,14.866754129702986,0.6663192244408903
13.666796978395608,6.656270393121589,19.16160104660854,0.7442136358659001
4.939499747803159,11.293394402263734,13.450589905413091,0.6596538715220233
15.363204730412974,17.577323326717327,4.294969425340796,0.686330330516322
15.666439725490727,3.2893739850582158,7.333013884906309,0.7361503173273279
16.187707425390247,15.784661858375596,3.9343510300413307,0.6963138933631547
6.955231827260563,15.281999046906428,17.093255905304247,0.6675238503699173
18.853531248219177,18.75309298416575,12.538175638899093,0.6908839073119598
5.906690977389771,7.314802487224281,8.440554883146847,0.6630282832011717
4.208409723528093,3.267507821754248,9.13100028565708,0.7044735778688559
4.8376646855869865,13.428602403284646,2.8061823034591593,0.7093008539681381
7.67626974694562,5.251259789001372,9.30360272210625,0.6828006274497191
16.417573864547315,17.879881755249414,15.059879799090444,0.6796306226522062
16.44551805108955,12.20351997987754,10.79824534431506,0.7235623779897418
8.337444739010227,11.428377918608883,4.420691827158812,0.7304925515964559
3.5431898957358956,11.04775007110455,8.188184765678393,0.7104283482220505
16.717698253330767,15.385000258361966,1.9251567713781683,0.6627004158618818
4.411783533100525,6.8698803277229645,15.057674309997227,0.6870905690958083
18.555998685301685,4.957636983264946,10.553392480123026,0.6675640011902821
1.3749807366530002,3.2343503485855325,5.369340806745963,0.7499701176037096
11.739625511759296,18.949049650558052,3.599553909459571,0.6857554412426274
18.49054759972375,8.003705479005477,18.937111634262127,0.6500483749229722
1.71046812472517,11.759982831452344,9.225797777381771,0.675674868569277
16.340720392872278,1.9727290641411284,12.692675693449024,0.7065080140879811
11.769079115449106,11.256978137436194,0.8286246097075671,0.748307093893421
12.63264309810502,11.451444893086112,14.645848527142451,0.7241862847024946
11.822869023682617,15.651012830139742,15.246161599265609,0.7323715242757887
8.322464704204473,4.853381131112764,8.133707022433585,0.6715822803626037
8.737618645072661,18.518329602826878,17.319947582532862,0.7125758810558266
15.570282659249623,9.529126868157542,3.4322769850125643,0.6687833536031005
19.233467660208436,2.9781556489813683,6.740026088927827,0.7475232062443895
18.565252258317958,17.760975491587768,5.739564878680049,0.682001995533174
14.21495159240738,7.727214420272726,10.110194223681662,0.7176116380518481
15.965573266473184,12.992903998088606,15.97829387591239,0.7236037085764853
18.63304717504757,2.276686743033938,15.014553964785685,0.6842015219740942
18.806575392023447,10.553115574075477,14.431535800550973,0.7382358343969001
9.01983414265618,6.421127746776651,4.305762380161866,0.7410575417898209
13.417933228065438,12.62082119912986,11.886388200295011,0.6895499594035076
13.814735864813652,9.46609983460837,3.535083692732245,0.6542947990871866
14.096253753245023,14.396255187778456,12.100668583026298,0.6630266904035603
10.772085187849745,5.228038551824178,2.9840610473404814,0.6663862316318008
10.996264406149496,1.4152060759209144,3.990933960428266,0.7228318256567176
14.532291521586954,13.84700121221318,8.688421510308054,0.6775065291138385
4.624075212318546,8.24293692542356,14.391127854536254,0.729804974672561
17.28584478722753,18.87663630255116,2.8328000820896775,0.6597716590540058
15.538748534162368,16.55592257440449,9.347984776942013,0.6974474098053367
6.631188042979145,1.4235658218490448,14.420136342497429,0.6945700311240424
9.520962750768057,13.121258778101511,2.527209131673647,0.6858787478334029
9.979098426194478,17.499996434249343,11.755151975742054,0.7429437871828038
16.569317711849887,10.567571018552954,9.04445484076171,0.6954269031803869
12.928601878362416,18.019949627621553,1.127998027335429,0.6649768230156673
11.308561664981735,1.0867798025106246,11.950125151273799,0.7131536396305246
13.08651895683107,19.19781740061975,7.678445128439009,0.6835237932149852
19.21339426243872,12.415862130410767,15.521554748498378,0.7003087393366894
13.628814002915373,7.292710564735179,6.267737955948329,0.7115060441011998
5.847788408588141,11.887860334711872,16.784432049493283,0.6914431348461889
15.657344282939093,11.716638695703171,12.408161829823236,0.7456672506147819
7.259787370588608,6.443798301101387,17.084639222047826,0.7157096058465053
6.071622244921446,13.617832480580569,11.452179222201323,0.7056503655175443
0.9296949384288689,18.55007071059496,4.086565082277023,0.7487239364370216
15.60572190051566,11.104799185319703,4.052858429983447,0.7164214946508085
11.4853555669642,7.730185931626487,16.070703072827502,0.7073073881213711
13.692995819781537,10.212447330123496,6.355587304471543,0.6993416102074597
6.395681063949432,17.050323560811734,3.6545524816530826,0.7247888517501491
8.19052371263992,16.981135697980523,17.836378557310677,0.6639130916492983
18.344648711378095,17.965288336586717,3.7527050046926904,0.6869876943783264
13.877259282344728,18.785327929635574,11.721584724140685,0.6643251341094154
4.130713438638747,17.28901201277557,3.1077243530887495,0.7304346555371991
3.5872206745702337,18.155574407381522,17.532416203609564,0.7399957616439694
13.417657004081097,16.253290752018653,8.634400486550355,0.676343925803881
7.169745584106613,18.087162966345215,6.177992267244541,0.74732953767363
14.297761496099488,13.316633826969733,10.535017425025563,0.7306704832483966
3.0506174372987185,1.1582340910627824,5.61876049333789,0.7405591172303848
4.73265357400842,3.461889655573248,15.543050479135658,0.7050719451075639
16.653136797427194,0.7974934861448986,14.934878247035186,0.659842802771621
17.673898594285074,3.9575374515950044,11.239750173925524,0.7017694380969955
5.595409970802247,15.61748326729159,8.469802420270131,0.6843462515185427
14.056487795703378,17.034808668596167,1.6275964547678754,0.6742164304096426
9.270788039235663,1.5758952865561642,3.553936017191083,0.7000068642356704
11.286368720079265,19.22122463663651,11.034735926591402,0.7417165534206928
0.938093389883825,18.258882681544897,0.830363679472504,0.6926153931260783
11.944940083570037,18.61133426677652,14.337547299077126,0.7223236149069092
8.083026252030049,9.850214372649884,19.172189512777916,0.7465848828885847
11.863278365625778,19.04697168871266,18.43901533501767,0.7307362703505244
4.602950683291191,4.761120858023229,1.7290174875529598,0.7304294815694442
7.027927676294013,11.896322328366308,8.464958002274548,0.6590271538021455
1.2248409503693432,15.947485790503245,9.994680459036834,0.7457143495881036
15.338046098259232,4.278681518427472,11.40882897475563,0.6956553408768904
18.476019449200663,0.9487041149374833,4.123652042663609,0.7336602618539966
14.958259058150553,10.616641746934521,15.630774382806132,0.6621663647305077
9.339872834497749,15.396689598886127,18.551313286188652,0.6784306650441205
4.118757787843134,1.1566503803238402,18.34084866505445,0.7462655387848333
13.389883744036823,14.209964023540241,1.9317926320485432,0.7329741135614705
4.661567153012059,11.406837779520352,2.5368047891678422,0.6860253711981057
14.506792660658263,11.563746925520755,9.169908530035375,0.7465025226963867
7.483107015935987,0.7745013857573697,6.550903380141886,0.6917133743791113
6.705217355465911,11.070975070832226,11.119127706227708,0.7040374777311776
11.465844192434417,2.1388151321313966,14.491976980316464,0.6818899087530019
6.156621278903303,18.667491474837558,3.3210612355064555,0.7112599011196286
12.173593749107326,14.943717207429245,13.701812394721026,0.6818952162010966
13.609170646697256,3.7465614057260486,13.38244312157246,0.713300093380912
8.902481556226398,6.121129076546122,11.417569955516798,0.6521439921740595
10.728273020529102,3.332491492089205,4.3066555131388755,0.7456631337813218
5.632985962542336,3.816116406432485,10.413907593299065,0.6794152216207214
14.525398540934741,11.672235393825504,0.8159268477574444,0.7278092392856069
12.420718566727391,10.367369410924297,13.627522745793245,0.7063194951873591
18.045495178352798,7.620684850067646,7.79967690944924,0.7488436033981617
5.35315408796,15.357399640381239,16.176338336588028,0.6954434040668946
17.713368373273294,12.635458503888243,13.20321727423413,0.6987336332906657
4.229272907521084,17.10809024368609,11.663179182694785,0.6537614922116528
13.128979848513119,1.928222362242754,3.09381032615735,0.7465280717387303
17.00064446045336,8.892774649173267,8.55775125462561,0.6572336423745464
0.9418389062862256,3.7959864343947594,9.848210360487125,0.6940017115667356
8.42298861213881,17.56717190641123,7.833294398032961,0.6570734994100593
16.493121224427714,6.373104297944917,18.642841050255775,0.6524409593250448
15.08019755195063,18.076817963648264,15.33535623451969,0.6903804189221145
10.742542772842665,7.156458587129921,6.878596648795662,0.6632305290502698
12.277438192120183,4.597446831381443,2.1720530258918025,0.7049673130072414
16.30066072387596,0.8133544177266907,3.193775966486854,0.6558602346963965
1.179756530103873,10.950723356806416,2.9618896556137804,0.6715066580972409
3.5991016550904935,15.019690928544485,2.1675881856570145,0.6927020962510073
3.0726700245036698,12.984615555172702,6.300625361978452,0.6927179612507433
6.106871580753555,15.011953295883607,18.62627369933144,0.7326275183653056
16.20494817743047,18.576167832711377,11.39919034452441,0.7136658821651588
2.612433341825245,12.36055517650089,14.643332520254297,0.7046952541399866
10.18380328447672,12.946430679003809,18.623367350903592,0.7095580011940447
10.760993836955603,12.044758647335028,12.099767909778357,0.7342998240444552
1.156262312787104,4.699802262467541,4.856946197305276,0.6740083522668044
8.153792036351238,14.887250984504814,7.7490507085291815,0.6882506983794073
19.27002741080434,8.503606441133861,3.3799106517919077,0.6692085828460667
10.778519555404989,10.440775098318339,1.926210006225863,0.6826242018361859
5.924445040060019,11.25849119117567,5.08306310344773,0.6523629736699835
1.9806170812789117,3.220108458860519,3.75829952431799,0.7085333948321944
3.234291904886288,15.346012914438141,6.022262613041482,0.6923579431688198
7.211877046753401,14.85162806122156,5.1243704626652224,0.723925157554095
7.745562454081412,13.447595271294569,3.382601377088621,0.740287965881362
9.133405662220362,3.796522162760347,4.86255845529798,0.7445575231686805
1.219233379170684,13.472650454248074,5.569517877790599,0.7368322976829285
19.114075309602804,18.991507681706647,14.144786525718906,0.6674578775780269
18.433077099014124,5.2504414305449725,15.003560499989431,0.7269921289137061
1.1714971502274727,11.79976870157487,17.692165279158928,0.6751797367562881
13.685729523748506,4.197869413159358,8.740320261252581,0.6566836976549211
17.33349246633812,12.167294960310517,5.239071157464251,0.7429510760141027
18.497947212301685,1.4447356551010895,10.763293545914573,0.735705903784666
10.747272792619759,8.706970396150489,10.743397369490243,0.7391225209787845
7.3815448886664665,11.941070487779626,5.432303889337127,0.6541842727719516
2.061450881779851,9.343091957546653,6.366567772355123,0.7265464320010763
9.988994772088056,6.9620772278092335,13.43598131695969,0.7402536681449039
1.4361382124385749,9.471785200544684,13.538798651315874,0.705572944870833
3.6119797820184543,8.167400131785655,7.207517185632366,0.6587760184377935
6.582753513754772,13.269311988417648,10.153068164163495,0.6652652586535938
10.675424635233112,14.12451938221893,13.501060947577711,0.6684565252511986
2.7124048867388906,16.25530467934313,1.3819624344251937,0.7214267182240808
14.808055830907838,16.38565518774871,10.903923611641444,0.6570472523683513
8.832490291420548,6.078049237336072,2.7823420326724317,0.6820064635568539
10.335119078332324,3.0466576339848928,15.295958660044736,0.6741637704346226
13.780422184619791,13.370847043239374,18.039267689890167,0.6793075642480795
7.436500011663533,6.913286027336363,15.700642089882699,0.7051323714374224
8.818043790490295,12.257194075331418,9.176563122018544,0.6758697407686487
5.572117685863141,18.33224330589642,11.78252520889741,0.656921369511633
2.428178179681506,18.551364491716466,11.670963875655248,0.6800468024341818
6.663370908410329,18.75463967239264,17.82456074704046,0.689792102072195
11.793602672206362,13.859063785538597,11.346348751036789,0.7256654368845517
7.5010691888068814,7.020529846938087,3.147514075882576,0.6838863970111374
11.422754350163583,4.393960847582654,9.48911222286143,0.7274280089127474
16.33947045845588,12.678348667926294,18.39055366861077,0.650585608777922
18.498254650491205,1.4882327952637606,6.259698714781572,0.6699790688984671
3.635721656538344,19.22533438040006,12.087312131843198,0.6981524890725802
18.742480276031614,16.510160063705346,9.480246244310347,0.6882224427113841
19.033079993496788,6.3590345381962035,16.214475695751013,0.7208813607751041
18.52248967235488,16.299139919616998,16.217563315283055,0.6876536426101428
7.992458032980775,13.956793561994006,18.898627653885583,0.7267614912193916
9.815472763624532,5.211734959951252,16.109327758365367,0.693118561090593
8.625943481525976,13.961755841242024,9.943071215212765,0.7413304154107002
19.09657297974492,12.076511727449738,4.413479460118607,0.746108213889488
7.785434588011633,1.9066772043851201,3.0192111701175164,0.6559208936988111
8.950745923082943,2.688139863638336,11.620762420177572,0.683078963219382
8.855667603787904,7.28374650520096,6.546815530626361,0.7057683538498329
14.08453035807004,13.595817072886623,7.091009375027035,0.7475949663747918
17.282895487811683,6.8759986286077535,0.7086081012831786,0.6869162443718205
16.52847968649987,10.50305034451171,5.099181068675,0.6547176632782562
12.546355129389086,6.55716770862295,11.829482542996448,0.7430669762569999
10.178345548955493,10.595351335116876,7.390940105852678,0.6583778545602263
6.5617360988427995,12.923636779324719,19.140046925611035,0.7311687562269519
7.800827046255765,18.625319098729864,10.300047949313798,0.679350902053278
17.468896620294075,10.246405630387748,11.643727566037137,0.6872244458659093
5.85861307034585,5.960238136688417,16.755457017655772,0.6914428466705863
19.203130419253686,5.718643219212729,19.315103220193294,0.6817075654759729
10.50082151123911,10.847177352073592,17.22229030277982,0.7339759334738775
13.150925851574396,18.23325945582315,19.077450667833656,0.7277126781356555
5.120816984727329,8.010731225940802,7.416889330964992,0.6624651639946608
6.945507930530786,0.7722914698888186,9.27947794059874,0.6968372047771525
9.974402458528306,5.77805627410856,9.598240384771827,0.7379637917448073
10.035920225676074,11.42901157358351,14.732558613425127,0.6859179115120659
8.831618485977714,18.598672640657565,6.772256077660872,0.6798155133781788
13.903441622200171,6.209282226912192,3.621958026723427,0.6647816365183937
5.378409980839646,6.468540531089428,11.54690637372303,0.7031645434956965
16.73437103896397,6.298650387347676,10.21258021526496,0.7220847297479117
8.861082066019545,17.577523594707785,2.9176294232887465,0.6897681283646953
16.752267734385363,15.497409199688143,13.960352426014698,0.6619611646613569
10.677339648044011,8.62374754419497,17.03789159712255,0.6789819132315079
4.424521373384571,1.4190431391669165,0.7829392323293801,0.6719080616833076
7.586676678478914,13.023241713765998,15.170903073856245,0.6722927623176573
19.12056910847336,8.970437798484038,6.853044672361892,0.6913101668386733
14.309155957175166,7.864146797683406,16.45927016871782,0.7416221379644946
7.900271441277106,16.997699079747274,13.214692576971576,0.6735228002797641
7.625591023285579,12.672847470651254,11.04602730822929,0.7335631369731436
11.580818944181145,16.30903839869845,17.436423636199663,0.6632392678419855
0.975314975803482,18.332507956021992,2.3441447820166963,0.6504260054780239
11.93306208995956,19.0389642516224,16.745902531772582,0.6885431669970139
5.012619971051655,12.018152387981626,9.482609323941814,0.7446516355425306
2.6242913605056835,11.589766283616248,18.966864397336217,0.7331559513079502
18.605419819082098,3.432675579365977,17.368184154719373,0.7006744713178306
13.80972016551675,9.71743344394551,13.046550197972541,0.7265017510738143
8.190483715199022,13.245984763848591,1.0955941930548099,0.6805895714369513
5.887383420770303,12.660272422810618,4.883361396887614,0.7125361412076163
6.469933781271301,16.158092609593815,13.798069512643071,0.7187487449574212
7.81563490418466,12.13700407085218,18.4195939506718,0.6760673545450532
2.821112376472248,3.4207916984357367,11.795196023831005,0.6705697906840594
7.492063504233827,9.167137963272811,1.3737529759289675,0.6768094061032658
17.23736332168043,13.036830665734184,9.72957650116798,0.6746838765376189
11.850826588650229,16.53188207373045,11.543459626635931,0.7129184918682135
1.6180281448192224,2.2927274485204787,13.059666125674907,0.7273983517983708
5.662908992821792,1.3540725153603441,12.601276544423918,0.6664960388866656
15.897165041866174,17.82682446202266,1.4168668848244654,0.6564090169016984
12.645789618739132,2.5446172096829995,17.98403272373617,0.7416122028390768
11.374691515442064,17.9924626923067,4.533567900302824,0.692563809509535
15.31815478468756,17.120774749843246,16.5528925390651,0.6584992029483272
4.4318708240218925,16.494253853676543,17.366142637048544,0.7369969519559868
16.144431047526236,13.898996572126963,9.94431868177639,0.7121523309816287
4.749861976964819,15.529703501395064,3.5497653499733612,0.7054503951449387
9.646456755275498,15.655433731815586,2.9766978151487504,0.701488555282502
13.900685547572316,1.2124557927239732,16.561733230826132,0.726998374432928
14.870727311493775,5.2457178621873135,2.6965479170733024,0.6891807978402024
11.347054768930919,3.03298313928002,16.624230280401214,0.7330051827422517
3.7954081008701723,5.594850848226917,4.519934455822174,0.7355432598680957
10.182405165963328,15.553717598942669,13.615013271116455,0.698001122467651
9.20652915559847,12.285136695453415,6.995820974644538,0.6939812338543042
16.596444048047847,13.57291350056059,8.059817195948916,0.6919630503799741
13.942433997445427,18.673812394117178,13.947569697668728,0.699291648172267
17.98104238624034,14.374196575307838,2.5351152137485253,0.6906668220353028
0.9240891719248601,7.442162184389135,11.418085062704066,0.7013586537112027
4.691391582968928,9.59993286222573,7.093144067551275,0.7278806978423157
16.724618173342634,15.499475892062335,8.66251304794121,0.6874549508796914
3.356871587269409,2.6224974226372924,1.113031999344722,0.7242569341833264
17.130087215990578,2.7854170574822175,16.33617209081004,0.6866077826383674
4.490907808776676,11.549825920186661,5.6456568038093815,0.6804121946659158
0.6951476049731249,15.113770346483708,3.2648385383825618,0.6682387911270341
0.9407463454401104,1.2226348374760638,16.445622626562997,0.6798618730198398
1.5970024894123744,0.774013006084982,4.767961597885043,0.7179451682820452
12.756641929905763,4.590758617625736,6.617881663750428,0.7410839112482887
10.3100039241293,12.182630212060335,5.308435657430028,0.7414326791493541
1.128154222175815,7.395433778403527,1.5648145275845862,0.6778913088843387
19.22823435671681,7.360644090779622,15.029539989975229,0.6501989284236208
10.010348226680122,16.819598226027317,1.5219900677723095,0.6918932058371033
8.129216689284718,14.05750384349652,6.154495187923941,0.7408072298612997
1.0980591292063075,10.597334037371956,16.16348441800283,0.7174282464456021
5.491028614579108,9.601440487391958,8.878812025198167,0.7215394326003891
14.785867720241022,1.8798842805490743,9.517343733466113,0.6502967238550346
14.969337676572621,7.568608349856187,13.47215388894947,0.7478413329640995
2.7485142017559947,16.461566857133313,16.184258550333517,0.6817352004017513
12.28113209872783,9.833347836322961,17.48056050172994,0.7202534505565749
3.970204170660515,9.272881895687464,1.0423521248243695,0.6966756590882335
17.907207600456776,15.568869531272508,4.470527215868732,0.7419309717230915
6.3849230455662225,16.993307693115728,15.70468364092661,0.6855860826724358
3.619731406959461,1.195938315169918,14.791341695878742,0.658811647947437
1.4316651830481377,3.782292202932065,18.829610689652977,0.7183781742435771
8.553781974657207,6.638435605923417,18.825145844730507,0.6889877394351304
16.277841442666503,15.096313455089737,17.40966253541375,0.712212568627825
11.661202044877141,13.300170786994551,1.6882647146925982,0.6829032298698813
16.862586684799993,11.499563438149783,6.625042143864154,0.7482493472259308
8.066119801987076,9.957048914105888,10.746059442795708,0.7031229978270389
1.1366987611782935,11.383449440506016,10.899367300208656,0.7453133781077073
18.57893529325266,15.9117613042566,13.188567855758992,0.7226894716769005
1.1256860319607906,12.001957531292856,15.613568482337225,0.7245232400110565
9.463877267145453,14.080026632555489,4.371723832133068,0.734117043562114
12.940909781164965,4.897968555755089,12.258058218126205,0.6561851657805042
4.728197986692248,2.5095053076054548,13.212601646821833,0.7475579639950722
1.1400677022341255,17.62581252447968,10.209029074788083,0.6536772210896957
5.042084122134263,15.254503107792262,10.995959689799339,0.6884911938484639
16.80385790654405,0.79039335877538,8.844827956876484,0.71162198785314
18.49780557997438,6.412306277351873,9.705629857923727,0.726276394414272
13.560291197323043,1.0200613995789716,5.936013331736806,0.7062190163850338
7.586784060385867,0.8823667331461069,18.314712527858358,0.707678537502398
19.230861021367478,6.601023487351557,12.133082211426617,0.6633867770258595
11.257469593618469,7.545982012799135,9.619154916734022,0.6878340825894149
6.802307258383426,3.4125614811025935,9.246917778930728,0.6735039033016066
18.325661746651114,3.2141311257425,9.415366361955998,0.6587071071400175
18.844276147134558,13.097673599309658,3.09263755133202,0.6558209789472857
3.398712184589777,2.8555491351352407,2.7876580110414624,0.710485289863289
4.456350409889183,6.802171302323445,13.390406813578108,0.7240193681794771
9.523562327660773,10.11988528287845,14.14993496120788,0.6717434978646568
7.996001783229627,17.17484092060526,15.528443355350355,0.6782577145472862
15.605875335791835,18.212648233220992,5.716998557630395,0.7004770403780474
5.846089621182705,1.94444457257005,3.1611584724592863,0.658638618400434
2.2915785768115695,15.552309726397176,4.750521830830573,0.7241526630339288
4.3944892269110065,3.8757945825021354,17.279032694944483,0.6785317403536658
11.618163365486915,13.460065876433223,5.491338457730045,0.7351555230954174
7.71071382153217,15.288958850471559,3.6904642877948324,0.7128762147432185
14.104962687580324,5.709242003436259,12.029503519742017,0.6782358215524338
12.440911043254001,12.273537661810844,19.036590288229295,0.747319939820784
4.657833986025205,15.111500828679329,19.21089295737398,0.7469538675328143
6.203765109368106,7.12475232942832,13.828834426718306,0.7272051247357694
19.26592362895287,8.09294577805529,13.029225775529001,0.702748440173875
8.817012009860228,2.9902424405005417,14.501464287563438,0.6666772101223448
6.650989880497895,1.769575233533427,8.282230749320878,0.6971206014775679
2.590159962487954,6.356821706547864,8.378078901269078,0.651876180417104
1.1217047989244766,7.796080254284286,3.5174437865392,0.7349932281614533
9.257396399003962,4.625644792499188,1.3347785678964939,0.7248424530159027
4.353393683995968,1.7179261124982315,15.825866390135376,0.6886736990361394
9.755917898053122,15.235510459187084,15.211242105951005,0.7152955796654541
11.343637211023724,7.898472108412256,5.283357558141757,0.7179010637393287
